2009-Nov-01 19:59 287.58226  -9.10361  3.32879892 5.6979132 3.55680639757642  36.6021927  77.570  22.788
2009-Nov-01 20:00 287.58229  -9.10377  3.32880121 5.6979414 3.55682107732628  36.6020969  77.570  22.788
2009-Nov-01 20:01 287.58231  -9.10393  3.32880349 5.6979696 3.55683575703795  36.6020023  77.570  22.788
2009-Nov-01 20:02 287.58234  -9.10409  3.32880578 5.6979978 3.55685043671144  36.6019080  77.570  22.788
2009-Nov-01 20:03 287.58237  -9.10424  3.32880806 5.6980261 3.55686511634672  36.6018135  77.570  22.788
2009-Nov-01 20:04 287.58240  -9.10440  3.32881035 5.6980543 3.55687979594379  36.6017188  77.570  22.788
2009-Nov-01 20:05 287.58242  -9.10456  3.32881263 5.6980825 3.55689447550265  36.6016237  77.569  22.788
2009-Nov-01 20:06 287.58245  -9.10472  3.32881492 5.6981107 3.55690915502332  36.6015284  77.569  22.788
2009-Nov-01 20:07 287.58248  -9.10488  3.32881720 5.6981389 3.55692383450577  36.6014329  77.569  22.788
2009-Nov-01 20:08 287.58250  -9.10503  3.32881949 5.6981672 3.55693851395001  36.6013373  77.569  22.788
2009-Nov-01 20:09 287.58253  -9.10519  3.32882177 5.6981954 3.55695319335606  36.6012418  77.569  22.788
2009-Nov-01 20:10 287.58256  -9.10535  3.32882406 5.6982236 3.55696787272389  36.6011464  77.569  22.788
2009-Nov-01 20:11 287.58258  -9.10551  3.32882634 5.6982518 3.55698255205349  36.6010510  77.569  22.788
2009-Nov-01 20:12 287.58261  -9.10567  3.32882863 5.6982801 3.55699723134489  36.6009558  77.569  22.788
2009-Nov-01 20:13 287.58264  -9.10582  3.32883091 5.6983083 3.55701191059806  36.6008606  77.568  22.788
2009-Nov-01 20:14 287.58266  -9.10598  3.32883320 5.6983365 3.55702658981301  36.6007655  77.568  22.788
2009-Nov-01 20:15 287.58269  -9.10614  3.32883548 5.6983647 3.55704126898976  36.6006704  77.568  22.788
2009-Nov-01 20:16 287.58272  -9.10630  3.32883777 5.6983929 3.55705594812826  36.6005752  77.568  22.789
2009-Nov-01 20:17 287.58274  -9.10646  3.32884005 5.6984212 3.55707062722854  36.6004799  77.568  22.789
2009-Nov-01 20:18 287.58277  -9.10661  3.32884234 5.6984494 3.55708530629059  36.6003845  77.568  22.789
2009-Nov-01 20:19 287.58280  -9.10677  3.32884462 5.6984776 3.55709998531441  36.6002891  77.568  22.789
2009-Nov-01 20:20 287.58282  -9.10693  3.32884691 5.6985058 3.55711466430000  36.6001935  77.568  22.789
2009-Nov-01 20:21 287.58285  -9.10709  3.32884919 5.6985340 3.55712934324735  36.6000981  77.567  22.789
2009-Nov-01 20:22 287.58288  -9.10725  3.32885148 5.6985623 3.55714402215648  36.6000028  77.567  22.789
2009-Nov-01 20:23 287.58290  -9.10740  3.32885376 5.6985905 3.55715870102735  36.5999075  77.567  22.789
2009-Nov-01 20:24 287.58293  -9.10756  3.32885605 5.6986187 3.55717337985999  36.5998124  77.567  22.789
2009-Nov-01 20:25 287.58296  -9.10772  3.32885833 5.6986469 3.55718805865438  36.5997172  77.567  22.789
2009-Nov-01 20:26 287.58299  -9.10788  3.32886062 5.6986752 3.55720273741054  36.5996219  77.567  22.789
2009-Nov-01 20:27 287.58301  -9.10804  3.32886291 5.6987034 3.55721741612844  36.5995266  77.567  22.789
2009-Nov-01 20:28 287.58304  -9.10819  3.32886519 5.6987316 3.55723209480811  36.5994311  77.567  22.789
2009-Nov-01 20:29 287.58307  -9.10835  3.32886748 5.6987598 3.55724677344952  36.5993356  77.566  22.789
